0.010000 1.00 0.00 0.00
0.020000 1.00 0.00 0.00
0.030000 1.00 0.00 0.00
0.040000 1.00 0.00 0.00
0.050000 1.00 0.00 0.00
0.060000 1.00 0.00 0.00
0.070000 1.00 0.00 0.00
0.080000 1.00 0.00 0.00
0.090000 1.00 0.00 0.00
0.100000 1.00 0.00 0.00
0.110000 1.00 0.00 0.00
0.120000 1.00 0.00 0.00
0.130000 1.00 0.00 0.00
0.140000 1.00 0.00 0.00
0.150000 1.00 0.00 0.00
0.160000 1.00 0.00 0.00
0.170000 1.00 0.00 0.00
0.180000 1.00 0.00 0.00
0.190000 1.00 0.00 0.00
0.200000 1.00 0.00 0.00
0.210000 1.00 0.00 0.00
0.220000 1.00 0.00 0.00
0.230000 1.00 0.00 0.00
0.240000 1.00 0.00 0.00
0.250000 0.99 0.00 0.00
0.260000 0.99 0.01 0.00
0.270000 0.99 0.01 0.00
0.280000 0.99 0.01 0.00
0.290000 0.99 0.01 0.00
0.300000 0.99 0.01 0.00
0.310000 0.99 0.01 0.00
0.320000 0.99 0.01 0.00
0.330000 0.99 0.01 0.00
0.340000 0.99 0.01 0.00
0.350000 0.99 0.01 0.00
0.360000 0.99 0.01 0.00
0.370000 0.99 0.01 0.00
0.380000 0.99 0.01 0.00
0.390000 0.99 0.01 0.00
0.400000 0.99 0.01 0.00
0.410000 0.99 0.01 0.00
0.420000 0.99 0.01 0.00
0.430000 0.99 0.01 0.00
0.440000 0.99 0.01 0.00
0.450000 0.99 0.01 0.00
0.460000 0.99 0.01 0.00
0.470000 0.99 0.01 0.00
0.480000 0.99 0.01 0.00
0.490000 0.99 0.01 0.00
0.500000 0.99 0.01 0.00
0.510000 0.99 0.01 0.00
0.520000 0.99 0.01 0.00
0.530000 0.99 0.01 0.00
0.540000 0.99 0.01 0.00
0.550000 0.99 0.01 0.00
0.560000 0.99 0.01 0.00
0.570000 0.99 0.01 0.00
0.580000 0.99 0.01 0.00
0.590000 0.99 0.01 0.00
0.600000 0.99 0.01 0.00
0.610000 0.99 0.01 0.00
0.620000 0.99 0.01 0.00
0.630000 0.99 0.01 0.00
0.640000 0.99 0.01 0.00
0.650000 0.99 0.01 0.00
0.660000 0.99 0.01 0.00
0.670000 0.99 0.01 0.00
0.680000 0.99 0.01 0.00
0.690000 0.99 0.01 0.00
0.700000 0.99 0.01 0.00
0.710000 0.99 0.01 0.00
0.720000 0.99 0.01 0.00
0.730000 0.99 0.01 0.00
0.740000 0.99 0.01 0.00
0.750000 0.98 0.01 0.00
0.760000 0.98 0.02 0.00
0.770000 0.98 0.02 0.00
0.780000 0.98 0.02 0.00
0.790000 0.98 0.02 0.00
0.800000 0.98 0.02 0.00
0.810000 0.98 0.02 0.00
0.820000 0.98 0.02 0.00
0.830000 0.98 0.02 0.00
0.840000 0.98 0.02 0.00
0.850000 0.98 0.02 0.00
0.860000 0.98 0.02 0.00
0.870000 0.98 0.02 0.00
0.880000 0.98 0.02 0.00
0.890000 0.98 0.02 0.00
0.900000 0.98 0.02 0.00
0.910000 0.98 0.02 0.00
0.920000 0.98 0.02 0.00
0.930000 0.98 0.02 0.00
0.940000 0.98 0.02 0.00
0.950000 0.98 0.02 0.00
0.960000 0.98 0.02 0.00
0.970000 0.98 0.02 0.00
0.980000 0.98 0.02 0.00
0.990000 0.98 0.02 0.00
1.000000 0.98 0.02 0.00
1.010000 0.98 0.02 0.00
1.020000 0.98 0.02 0.00
1.030000 0.98 0.02 0.00
1.040000 0.98 0.02 0.00
1.050000 0.98 0.02 0.00
1.060000 0.98 0.02 0.00
1.070000 0.98 0.02 0.00
1.080000 0.98 0.02 0.00
1.090000 0.98 0.02 0.00
1.100000 0.98 0.02 0.00
1.110000 0.98 0.02 0.00
1.120000 0.98 0.02 0.00
1.130000 0.98 0.02 0.00
1.140000 0.98 0.02 0.00
1.150000 0.98 0.02 0.00
1.160000 0.98 0.02 0.00
1.170000 0.98 0.02 0.00
1.180000 0.98 0.02 0.00
1.190000 0.98 0.02 0.00
1.200000 0.98 0.02 0.00
1.210000 0.98 0.02 0.00
1.220000 0.98 0.02 0.00
1.230000 0.98 0.02 0.00
1.240000 0.98 0.02 0.00
1.250000 0.97 0.02 0.00
1.260000 0.97 0.02 0.00
1.270000 0.97 0.03 0.00
1.280000 0.97 0.03 0.00
1.290000 0.97 0.03 0.00
1.300000 0.97 0.03 0.00
1.310000 0.97 0.03 0.00
1.320000 0.97 0.03 0.00
1.330000 0.97 0.03 0.00
1.340000 0.97 0.03 0.00
1.350000 0.97 0.03 0.00
1.360000 0.97 0.03 0.00
1.370000 0.97 0.03 0.00
1.380000 0.97 0.03 0.00
1.390000 0.97 0.03 0.00
1.400000 0.97 0.03 0.00
1.410000 0.97 0.03 0.00
1.420000 0.97 0.03 0.00
1.430000 0.97 0.03 0.00
1.440000 0.97 0.03 0.00
1.450000 0.97 0.03 0.00
1.460000 0.97 0.03 0.00
1.470000 0.97 0.03 0.00
1.480000 0.97 0.03 0.00
1.490000 0.97 0.03 0.00
1.500000 0.97 0.03 0.00
1.510000 0.97 0.03 0.00
1.520000 0.97 0.03 0.00
1.530000 0.97 0.03 0.00
1.540000 0.97 0.03 0.00
1.550000 0.97 0.03 0.00
1.560000 0.97 0.03 0.00
1.570000 0.97 0.03 0.00
1.580000 0.97 0.03 0.00
1.590000 0.97 0.03 0.00
1.600000 0.97 0.03 0.00
1.610000 0.97 0.03 0.00
1.620000 0.97 0.03 0.00
1.630000 0.97 0.03 0.00
1.640000 0.97 0.03 0.00
1.650000 0.97 0.03 0.00
1.660000 0.97 0.03 0.00
1.670000 0.97 0.03 0.00
1.680000 0.97 0.03 0.00
1.690000 0.97 0.03 0.00
1.700000 0.97 0.03 0.00
1.710000 0.97 0.03 0.00
1.720000 0.97 0.03 0.00
1.730000 0.97 0.03 0.00
1.740000 0.96 0.03 0.00
1.750000 0.96 0.03 0.00
1.760000 0.96 0.03 0.00
1.770000 0.96 0.03 0.00
1.780000 0.96 0.03 0.00
1.790000 0.96 0.04 0.00
1.800000 0.96 0.04 0.00
1.810000 0.96 0.04 0.00
1.820000 0.96 0.04 0.00
1.830000 0.96 0.04 0.00
1.840000 0.96 0.04 0.00
1.850000 0.96 0.04 0.00
1.860000 0.96 0.04 0.00
1.870000 0.96 0.04 0.00
1.880000 0.96 0.04 0.00
1.890000 0.96 0.04 0.00
1.900000 0.96 0.04 0.00
1.910000 0.96 0.04 0.00
1.920000 0.96 0.04 0.00
1.930000 0.96 0.04 0.00
1.940000 0.96 0.04 0.00
1.950000 0.96 0.04 0.00
1.960000 0.96 0.04 0.00
1.970000 0.96 0.04 0.00
1.980000 0.96 0.04 0.00
1.990000 0.96 0.04 0.00
2.000000 0.96 0.04 0.00
2.010000 0.96 0.04 0.00
2.020000 0.96 0.04 0.00
2.030000 0.96 0.04 0.00
2.040000 0.96 0.04 0.00
2.050000 0.96 0.04 0.00
2.060000 0.96 0.04 0.00
2.070000 0.96 0.04 0.00
2.080000 0.96 0.04 0.00
2.090000 0.96 0.04 0.00
2.100000 0.96 0.04 0.00
2.110000 0.96 0.04 0.00
2.120000 0.96 0.04 0.00
2.130000 0.96 0.04 0.00
2.140000 0.96 0.04 0.00
2.150000 0.96 0.04 0.00
2.160000 0.96 0.04 0.00
2.170000 0.96 0.04 0.00
2.180000 0.96 0.04 0.00
2.190000 0.96 0.04 0.00
2.200000 0.96 0.04 0.00
2.210000 0.96 0.04 0.00
2.220000 0.96 0.04 0.00
2.230000 0.95 0.04 0.00
2.240000 0.95 0.04 0.00
2.250000 0.95 0.04 0.00
2.260000 0.95 0.04 0.00
2.270000 0.95 0.04 0.00
2.280000 0.95 0.04 0.00
2.290000 0.95 0.04 0.00
2.300000 0.95 0.04 0.00
2.310000 0.95 0.05 0.00
2.320000 0.95 0.05 0.00
2.330000 0.95 0.05 0.00
2.340000 0.95 0.05 0.00
2.350000 0.95 0.05 0.00
2.360000 0.95 0.05 0.00
2.370000 0.95 0.05 0.00
2.380000 0.95 0.05 0.00
2.390000 0.95 0.05 0.00
2.400000 0.95 0.05 0.00
2.410000 0.95 0.05 0.00
2.420000 0.95 0.05 0.00
2.430000 0.95 0.05 0.00
2.440000 0.95 0.05 0.00
2.450000 0.95 0.05 0.00
2.460000 0.95 0.05 0.00
2.470000 0.95 0.05 0.00
2.480000 0.95 0.05 0.00
2.490000 0.95 0.05 0.00
2.500000 0.95 0.05 0.00
2.510000 0.95 0.05 0.00
2.520000 0.95 0.05 0.00
2.530000 0.95 0.05 0.00
2.540000 0.95 0.05 0.00
2.550000 0.95 0.05 0.00
2.560000 0.95 0.05 0.00
2.570000 0.95 0.05 0.00
2.580000 0.95 0.05 0.00
2.590000 0.95 0.05 0.00
2.600000 0.95 0.05 0.00
2.610000 0.95 0.05 0.00
2.620000 0.95 0.05 0.00
2.630000 0.95 0.05 0.00
2.640000 0.95 0.05 0.00
2.650000 0.95 0.05 0.00
2.660000 0.95 0.05 0.00
2.670000 0.95 0.05 0.00
2.680000 0.95 0.05 0.00
2.690000 0.95 0.05 0.00
2.700000 0.95 0.05 0.00
2.710000 0.95 0.05 0.00
2.720000 0.94 0.05 0.00
2.730000 0.94 0.05 0.00
2.740000 0.94 0.05 0.00
2.750000 0.94 0.05 0.00
2.760000 0.94 0.05 0.00
2.770000 0.94 0.05 0.00
2.780000 0.94 0.05 0.00
2.790000 0.94 0.05 0.00
2.800000 0.94 0.05 0.00
2.810000 0.94 0.05 0.00
2.820000 0.94 0.05 0.00
2.830000 0.94 0.05 0.00
2.840000 0.94 0.06 0.00
2.850000 0.94 0.06 0.00
2.860000 0.94 0.06 0.00
2.870000 0.94 0.06 0.00
2.880000 0.94 0.06 0.00
2.890000 0.94 0.06 0.00
2.900000 0.94 0.06 0.00
2.910000 0.94 0.06 0.00
2.920000 0.94 0.06 0.00
2.930000 0.94 0.06 0.00
2.940000 0.94 0.06 0.00
2.950000 0.94 0.06 0.00
2.960000 0.94 0.06 0.00
2.970000 0.94 0.06 0.00
2.980000 0.94 0.06 0.00
2.990000 0.94 0.06 0.00
3.000000 0.94 0.06 0.00
3.010000 0.94 0.06 0.00
3.020000 0.94 0.06 0.00
3.030000 0.94 0.06 0.00
3.040000 0.94 0.06 0.00
3.050000 0.94 0.06 0.00
3.060000 0.94 0.06 0.00
3.070000 0.94 0.06 0.00
3.080000 0.94 0.06 0.00
3.090000 0.94 0.06 0.00
3.100000 0.94 0.06 0.00
3.110000 0.94 0.06 0.00
3.120000 0.94 0.06 0.00
3.130000 0.94 0.06 0.00
3.140000 0.94 0.06 0.00
3.150000 0.94 0.06 0.00
3.160000 0.94 0.06 0.00
3.170000 0.94 0.06 0.00
3.180000 0.94 0.06 0.00
3.190000 0.94 0.06 0.00
3.200000 0.94 0.06 0.00
3.210000 0.93 0.06 0.00
3.220000 0.93 0.06 0.00
3.230000 0.93 0.06 0.00
3.240000 0.93 0.06 0.00
3.250000 0.93 0.06 0.00
3.260000 0.93 0.06 0.00
3.270000 0.93 0.06 0.00
3.280000 0.93 0.06 0.00
3.290000 0.93 0.06 0.00
3.300000 0.93 0.06 0.00
3.310000 0.93 0.06 0.00
3.320000 0.93 0.06 0.00
3.330000 0.93 0.06 0.00
3.340000 0.93 0.06 0.00
3.350000 0.93 0.06 0.00
3.360000 0.93 0.06 0.00
3.370000 0.93 0.07 0.00
3.380000 0.93 0.07 0.00
3.390000 0.93 0.07 0.00
3.400000 0.93 0.07 0.00
3.410000 0.93 0.07 0.00
3.420000 0.93 0.07 0.00
3.430000 0.93 0.07 0.00
3.440000 0.93 0.07 0.00
3.450000 0.93 0.07 0.00
3.460000 0.93 0.07 0.00
3.470000 0.93 0.07 0.00
3.480000 0.93 0.07 0.00
3.490000 0.93 0.07 0.00
3.500000 0.93 0.07 0.00
3.510000 0.93 0.07 0.00
3.520000 0.93 0.07 0.00
3.530000 0.93 0.07 0.00
3.540000 0.93 0.07 0.00
3.550000 0.93 0.07 0.00
3.560000 0.93 0.07 0.00
3.570000 0.93 0.07 0.00
3.580000 0.93 0.07 0.00
3.590000 0.93 0.07 0.00
3.600000 0.93 0.07 0.00
3.610000 0.93 0.07 0.00
3.620000 0.93 0.07 0.00
3.630000 0.93 0.07 0.00
3.640000 0.93 0.07 0.00
3.650000 0.93 0.07 0.00
3.660000 0.93 0.07 0.00
3.670000 0.93 0.07 0.00
3.680000 0.93 0.07 0.00
3.690000 0.93 0.07 0.00
3.700000 0.92 0.07 0.00
3.710000 0.92 0.07 0.00
3.720000 0.92 0.07 0.00
3.730000 0.92 0.07 0.00
3.740000 0.92 0.07 0.00
3.750000 0.92 0.07 0.00
3.760000 0.92 0.07 0.00
3.770000 0.92 0.07 0.00
3.780000 0.92 0.07 0.00
3.790000 0.92 0.07 0.00
3.800000 0.92 0.07 0.00
3.810000 0.92 0.07 0.00
3.820000 0.92 0.07 0.00
3.830000 0.92 0.07 0.00
3.840000 0.92 0.07 0.00
3.850000 0.92 0.07 0.00
3.860000 0.92 0.07 0.00
3.870000 0.92 0.07 0.00
3.880000 0.92 0.07 0.00
3.890000 0.92 0.07 0.00
3.900000 0.92 0.07 0.00
3.910000 0.92 0.07 0.00
3.920000 0.92 0.08 0.00
3.930000 0.92 0.08 0.00
3.940000 0.92 0.08 0.00
3.950000 0.92 0.08 0.00
3.960000 0.92 0.08 0.00
3.970000 0.92 0.08 0.00
3.980000 0.92 0.08 0.00
3.990000 0.92 0.08 0.00
4.000000 0.92 0.08 0.00
4.010000 0.92 0.08 0.00
4.020000 0.92 0.08 0.00
4.030000 0.92 0.08 0.00
4.040000 0.92 0.08 0.00
4.050000 0.92 0.08 0.00
4.060000 0.92 0.08 0.00
4.070000 0.92 0.08 0.00
4.080000 0.92 0.08 0.00
4.090000 0.92 0.08 0.00
4.100000 0.92 0.08 0.00
4.110000 0.92 0.08 0.00
4.120000 0.92 0.08 0.00
4.130000 0.92 0.08 0.00
4.140000 0.92 0.08 0.00
4.150000 0.92 0.08 0.00
4.160000 0.92 0.08 0.01
4.170000 0.92 0.08 0.01
4.180000 0.92 0.08 0.01
4.190000 0.91 0.08 0.01
4.200000 0.91 0.08 0.01
4.210000 0.91 0.08 0.01
4.220000 0.91 0.08 0.01
4.230000 0.91 0.08 0.01
4.240000 0.91 0.08 0.01
4.250000 0.91 0.08 0.01
4.260000 0.91 0.08 0.01
4.270000 0.91 0.08 0.01
4.280000 0.91 0.08 0.01
4.290000 0.91 0.08 0.01
4.300000 0.91 0.08 0.01
4.310000 0.91 0.08 0.01
4.320000 0.91 0.08 0.01
4.330000 0.91 0.08 0.01
4.340000 0.91 0.08 0.01
4.350000 0.91 0.08 0.01
4.360000 0.91 0.08 0.01
4.370000 0.91 0.08 0.01
4.380000 0.91 0.08 0.01
4.390000 0.91 0.08 0.01
4.400000 0.91 0.08 0.01
4.410000 0.91 0.08 0.01
4.420000 0.91 0.08 0.01
4.430000 0.91 0.08 0.01
4.440000 0.91 0.08 0.01
4.450000 0.91 0.08 0.01
4.460000 0.91 0.08 0.01
4.470000 0.91 0.09 0.01
4.480000 0.91 0.09 0.01
4.490000 0.91 0.09 0.01
4.500000 0.91 0.09 0.01
4.510000 0.91 0.09 0.01
4.520000 0.91 0.09 0.01
4.530000 0.91 0.09 0.01
4.540000 0.91 0.09 0.01
4.550000 0.91 0.09 0.01
4.560000 0.91 0.09 0.01
4.570000 0.91 0.09 0.01
4.580000 0.91 0.09 0.01
4.590000 0.91 0.09 0.01
4.600000 0.91 0.09 0.01
4.610000 0.91 0.09 0.01
4.620000 0.91 0.09 0.01
4.630000 0.91 0.09 0.01
4.640000 0.91 0.09 0.01
4.650000 0.91 0.09 0.01
4.660000 0.91 0.09 0.01
4.670000 0.90 0.09 0.01
4.680000 0.90 0.09 0.01
4.690000 0.90 0.09 0.01
4.700000 0.90 0.09 0.01
4.710000 0.90 0.09 0.01
4.720000 0.90 0.09 0.01
4.730000 0.90 0.09 0.01
4.740000 0.90 0.09 0.01
4.750000 0.90 0.09 0.01
4.760000 0.90 0.09 0.01
4.770000 0.90 0.09 0.01
4.780000 0.90 0.09 0.01
4.790000 0.90 0.09 0.01
4.800000 0.90 0.09 0.01
4.810000 0.90 0.09 0.01
4.820000 0.90 0.09 0.01
4.830000 0.90 0.09 0.01
4.840000 0.90 0.09 0.01
4.850000 0.90 0.09 0.01
4.860000 0.90 0.09 0.01
4.870000 0.90 0.09 0.01
4.880000 0.90 0.09 0.01
4.890000 0.90 0.09 0.01
4.900000 0.90 0.09 0.01
4.910000 0.90 0.09 0.01
4.920000 0.90 0.09 0.01
4.930000 0.90 0.09 0.01
4.940000 0.90 0.09 0.01
4.950000 0.90 0.09 0.01
4.960000 0.90 0.09 0.01
4.970000 0.90 0.09 0.01
4.980000 0.90 0.09 0.01
4.990000 0.90 0.09 0.01
5.000000 0.90 0.09 0.01
5.010000 0.90 0.09 0.01
5.020000 0.90 0.10 0.01
5.030000 0.90 0.10 0.01
5.040000 0.90 0.10 0.01
5.050000 0.90 0.10 0.01
5.060000 0.90 0.10 0.01
5.070000 0.90 0.10 0.01
5.080000 0.90 0.10 0.01
5.090000 0.90 0.10 0.01
5.100000 0.90 0.10 0.01
5.110000 0.90 0.10 0.01
5.120000 0.90 0.10 0.01
5.130000 0.90 0.10 0.01
5.140000 0.90 0.10 0.01
5.150000 0.89 0.10 0.01
5.160000 0.89 0.10 0.01
5.170000 0.89 0.10 0.01
5.180000 0.89 0.10 0.01
5.190000 0.89 0.10 0.01
5.200000 0.89 0.10 0.01
5.210000 0.89 0.10 0.01
5.220000 0.89 0.10 0.01
5.230000 0.89 0.10 0.01
5.240000 0.89 0.10 0.01
5.250000 0.89 0.10 0.01
5.260000 0.89 0.10 0.01
5.270000 0.89 0.10 0.01
5.280000 0.89 0.10 0.01
5.290000 0.89 0.10 0.01
5.300000 0.89 0.10 0.01
5.310000 0.89 0.10 0.01
5.320000 0.89 0.10 0.01
5.330000 0.89 0.10 0.01
5.340000 0.89 0.10 0.01
5.350000 0.89 0.10 0.01
5.360000 0.89 0.10 0.01
5.370000 0.89 0.10 0.01
5.380000 0.89 0.10 0.01
5.390000 0.89 0.10 0.01
5.400000 0.89 0.10 0.01
5.410000 0.89 0.10 0.01
5.420000 0.89 0.10 0.01
5.430000 0.89 0.10 0.01
5.440000 0.89 0.10 0.01
5.450000 0.89 0.10 0.01
5.460000 0.89 0.10 0.01
5.470000 0.89 0.10 0.01
5.480000 0.89 0.10 0.01
5.490000 0.89 0.10 0.01
5.500000 0.89 0.10 0.01
5.510000 0.89 0.10 0.01
5.520000 0.89 0.10 0.01
5.530000 0.89 0.10 0.01
5.540000 0.89 0.10 0.01
5.550000 0.89 0.10 0.01
5.560000 0.89 0.10 0.01
5.570000 0.89 0.10 0.01
5.580000 0.89 0.10 0.01
5.590000 0.89 0.11 0.01
5.600000 0.89 0.11 0.01
5.610000 0.89 0.11 0.01
5.620000 0.89 0.11 0.01
5.630000 0.89 0.11 0.01
5.640000 0.88 0.11 0.01
5.650000 0.88 0.11 0.01
5.660000 0.88 0.11 0.01
5.670000 0.88 0.11 0.01
5.680000 0.88 0.11 0.01
5.690000 0.88 0.11 0.01
5.700000 0.88 0.11 0.01
5.710000 0.88 0.11 0.01
5.720000 0.88 0.11 0.01
5.730000 0.88 0.11 0.01
5.740000 0.88 0.11 0.01
5.750000 0.88 0.11 0.01
5.760000 0.88 0.11 0.01
5.770000 0.88 0.11 0.01
5.780000 0.88 0.11 0.01
5.790000 0.88 0.11 0.01
5.800000 0.88 0.11 0.01
5.810000 0.88 0.11 0.01
5.820000 0.88 0.11 0.01
5.830000 0.88 0.11 0.01
5.840000 0.88 0.11 0.01
5.850000 0.88 0.11 0.01
5.860000 0.88 0.11 0.01
5.870000 0.88 0.11 0.01
5.880000 0.88 0.11 0.01
5.890000 0.88 0.11 0.01
5.900000 0.88 0.11 0.01
5.910000 0.88 0.11 0.01
5.920000 0.88 0.11 0.01
5.930000 0.88 0.11 0.01
5.940000 0.88 0.11 0.01
5.950000 0.88 0.11 0.01
5.960000 0.88 0.11 0.01
5.970000 0.88 0.11 0.01
5.980000 0.88 0.11 0.01
5.990000 0.88 0.11 0.01
6.000000 0.88 0.11 0.01
6.010000 0.88 0.11 0.01
6.020000 0.88 0.11 0.01
6.030000 0.88 0.11 0.01
6.040000 0.88 0.11 0.01
6.050000 0.88 0.11 0.01
6.060000 0.88 0.11 0.01
6.070000 0.88 0.11 0.01
6.080000 0.88 0.11 0.01
6.090000 0.88 0.11 0.01
6.100000 0.88 0.11 0.01
6.110000 0.88 0.11 0.01
6.120000 0.87 0.11 0.01
6.130000 0.87 0.11 0.01
6.140000 0.87 0.11 0.01
6.150000 0.87 0.11 0.01
6.160000 0.87 0.12 0.01
6.170000 0.87 0.12 0.01
6.180000 0.87 0.12 0.01
6.190000 0.87 0.12 0.01
6.200000 0.87 0.12 0.01
6.210000 0.87 0.12 0.01
6.220000 0.87 0.12 0.01
6.230000 0.87 0.12 0.01
6.240000 0.87 0.12 0.01
6.250000 0.87 0.12 0.01
6.260000 0.87 0.12 0.01
6.270000 0.87 0.12 0.01
6.280000 0.87 0.12 0.01
6.290000 0.87 0.12 0.01
6.300000 0.87 0.12 0.01
6.310000 0.87 0.12 0.01
6.320000 0.87 0.12 0.01
6.330000 0.87 0.12 0.01
6.340000 0.87 0.12 0.01
6.350000 0.87 0.12 0.01
6.360000 0.87 0.12 0.01
6.370000 0.87 0.12 0.01
6.380000 0.87 0.12 0.01
6.390000 0.87 0.12 0.01
6.400000 0.87 0.12 0.01
6.410000 0.87 0.12 0.01
6.420000 0.87 0.12 0.01
6.430000 0.87 0.12 0.01
6.440000 0.87 0.12 0.01
6.450000 0.87 0.12 0.01
6.460000 0.87 0.12 0.01
6.470000 0.87 0.12 0.01
6.480000 0.87 0.12 0.01
6.490000 0.87 0.12 0.01
6.500000 0.87 0.12 0.01
6.510000 0.87 0.12 0.01
6.520000 0.87 0.12 0.01
6.530000 0.87 0.12 0.01
6.540000 0.87 0.12 0.01
6.550000 0.87 0.12 0.01
6.560000 0.87 0.12 0.01
6.570000 0.87 0.12 0.01
6.580000 0.87 0.12 0.01
6.590000 0.87 0.12 0.01
6.600000 0.86 0.12 0.01
6.610000 0.86 0.12 0.01
6.620000 0.86 0.12 0.01
6.630000 0.86 0.12 0.01
6.640000 0.86 0.12 0.01
6.650000 0.86 0.12 0.01
6.660000 0.86 0.12 0.01
6.670000 0.86 0.12 0.01
6.680000 0.86 0.12 0.01
6.690000 0.86 0.12 0.01
6.700000 0.86 0.12 0.01
6.710000 0.86 0.12 0.01
6.720000 0.86 0.12 0.01
6.730000 0.86 0.12 0.01
6.740000 0.86 0.13 0.01
6.750000 0.86 0.13 0.01
6.760000 0.86 0.13 0.01
6.770000 0.86 0.13 0.01
6.780000 0.86 0.13 0.01
6.790000 0.86 0.13 0.01
6.800000 0.86 0.13 0.01
6.810000 0.86 0.13 0.01
6.820000 0.86 0.13 0.01
6.830000 0.86 0.13 0.01
6.840000 0.86 0.13 0.01
6.850000 0.86 0.13 0.01
6.860000 0.86 0.13 0.01
6.870000 0.86 0.13 0.01
6.880000 0.86 0.13 0.01
6.890000 0.86 0.13 0.01
6.900000 0.86 0.13 0.01
6.910000 0.86 0.13 0.01
6.920000 0.86 0.13 0.01
6.930000 0.86 0.13 0.01
6.940000 0.86 0.13 0.01
6.950000 0.86 0.13 0.01
6.960000 0.86 0.13 0.01
6.970000 0.86 0.13 0.01
6.980000 0.86 0.13 0.01
6.990000 0.86 0.13 0.01
7.000000 0.86 0.13 0.01
7.010000 0.86 0.13 0.01
7.020000 0.86 0.13 0.01
7.030000 0.86 0.13 0.01
7.040000 0.86 0.13 0.01
7.050000 0.86 0.13 0.01
7.060000 0.86 0.13 0.01
7.070000 0.86 0.13 0.01
7.080000 0.85 0.13 0.01
7.090000 0.85 0.13 0.01
7.100000 0.85 0.13 0.01
7.110000 0.85 0.13 0.01
7.120000 0.85 0.13 0.01
7.130000 0.85 0.13 0.01
7.140000 0.85 0.13 0.01
7.150000 0.85 0.13 0.01
7.160000 0.85 0.13 0.01
7.170000 0.85 0.13 0.01
7.180000 0.85 0.13 0.01
7.190000 0.85 0.13 0.01
7.200000 0.85 0.13 0.01
7.210000 0.85 0.13 0.01
7.220000 0.85 0.13 0.01
7.230000 0.85 0.13 0.01
7.240000 0.85 0.13 0.01
7.250000 0.85 0.13 0.01
7.260000 0.85 0.13 0.01
7.270000 0.85 0.13 0.01
7.280000 0.85 0.13 0.02
7.290000 0.85 0.13 0.02
7.300000 0.85 0.13 0.02
7.310000 0.85 0.13 0.02
7.320000 0.85 0.13 0.02
7.330000 0.85 0.14 0.02
7.340000 0.85 0.14 0.02
7.350000 0.85 0.14 0.02
7.360000 0.85 0.14 0.02
7.370000 0.85 0.14 0.02
7.380000 0.85 0.14 0.02
7.390000 0.85 0.14 0.02
7.400000 0.85 0.14 0.02
7.410000 0.85 0.14 0.02
7.420000 0.85 0.14 0.02
7.430000 0.85 0.14 0.02
7.440000 0.85 0.14 0.02
7.450000 0.85 0.14 0.02
7.460000 0.85 0.14 0.02
7.470000 0.85 0.14 0.02
7.480000 0.85 0.14 0.02
7.490000 0.85 0.14 0.02
7.500000 0.85 0.14 0.02
7.510000 0.85 0.14 0.02
7.520000 0.85 0.14 0.02
7.530000 0.85 0.14 0.02
7.540000 0.85 0.14 0.02
7.550000 0.85 0.14 0.02
7.560000 0.84 0.14 0.02
7.570000 0.84 0.14 0.02
7.580000 0.84 0.14 0.02
7.590000 0.84 0.14 0.02
7.600000 0.84 0.14 0.02
7.610000 0.84 0.14 0.02
7.620000 0.84 0.14 0.02
7.630000 0.84 0.14 0.02
7.640000 0.84 0.14 0.02
7.650000 0.84 0.14 0.02
7.660000 0.84 0.14 0.02
7.670000 0.84 0.14 0.02
7.680000 0.84 0.14 0.02
7.690000 0.84 0.14 0.02
7.700000 0.84 0.14 0.02
7.710000 0.84 0.14 0.02
7.720000 0.84 0.14 0.02
7.730000 0.84 0.14 0.02
7.740000 0.84 0.14 0.02
7.750000 0.84 0.14 0.02
7.760000 0.84 0.14 0.02
7.770000 0.84 0.14 0.02
7.780000 0.84 0.14 0.02
7.790000 0.84 0.14 0.02
7.800000 0.84 0.14 0.02
7.810000 0.84 0.14 0.02
7.820000 0.84 0.14 0.02
7.830000 0.84 0.14 0.02
7.840000 0.84 0.14 0.02
7.850000 0.84 0.14 0.02
7.860000 0.84 0.14 0.02
7.870000 0.84 0.14 0.02
7.880000 0.84 0.14 0.02
7.890000 0.84 0.14 0.02
7.900000 0.84 0.14 0.02
7.910000 0.84 0.14 0.02
7.920000 0.84 0.15 0.02
7.930000 0.84 0.15 0.02
7.940000 0.84 0.15 0.02
7.950000 0.84 0.15 0.02
7.960000 0.84 0.15 0.02
7.970000 0.84 0.15 0.02
7.980000 0.84 0.15 0.02
7.990000 0.84 0.15 0.02
8.000000 0.84 0.15 0.02
8.010000 0.84 0.15 0.02
8.020000 0.84 0.15 0.02
8.030000 0.83 0.15 0.02
8.040000 0.83 0.15 0.02
8.050000 0.83 0.15 0.02
8.060000 0.83 0.15 0.02
8.070000 0.83 0.15 0.02
8.080000 0.83 0.15 0.02
8.090000 0.83 0.15 0.02
8.100000 0.83 0.15 0.02
8.110000 0.83 0.15 0.02
8.120000 0.83 0.15 0.02
8.130000 0.83 0.15 0.02
8.140000 0.83 0.15 0.02
8.150000 0.83 0.15 0.02
8.160000 0.83 0.15 0.02
8.170000 0.83 0.15 0.02
8.180000 0.83 0.15 0.02
8.190000 0.83 0.15 0.02
8.200000 0.83 0.15 0.02
8.210000 0.83 0.15 0.02
8.220000 0.83 0.15 0.02
8.230000 0.83 0.15 0.02
8.240000 0.83 0.15 0.02
8.250000 0.83 0.15 0.02
8.260000 0.83 0.15 0.02
8.270000 0.83 0.15 0.02
8.280000 0.83 0.15 0.02
8.290000 0.83 0.15 0.02
8.300000 0.83 0.15 0.02
8.310000 0.83 0.15 0.02
8.320000 0.83 0.15 0.02
8.330000 0.83 0.15 0.02
8.340000 0.83 0.15 0.02
8.350000 0.83 0.15 0.02
8.360000 0.83 0.15 0.02
8.370000 0.83 0.15 0.02
8.380000 0.83 0.15 0.02
8.390000 0.83 0.15 0.02
8.400000 0.83 0.15 0.02
8.410000 0.83 0.15 0.02
8.420000 0.83 0.15 0.02
8.430000 0.83 0.15 0.02
8.440000 0.83 0.15 0.02
8.450000 0.83 0.15 0.02
8.460000 0.83 0.15 0.02
8.470000 0.83 0.15 0.02
8.480000 0.83 0.15 0.02
8.490000 0.83 0.15 0.02
8.500000 0.83 0.15 0.02
8.510000 0.82 0.15 0.02
8.520000 0.82 0.15 0.02
8.530000 0.82 0.16 0.02
8.540000 0.82 0.16 0.02
8.550000 0.82 0.16 0.02
8.560000 0.82 0.16 0.02
8.570000 0.82 0.16 0.02
8.580000 0.82 0.16 0.02
8.590000 0.82 0.16 0.02
8.600000 0.82 0.16 0.02
8.610000 0.82 0.16 0.02
8.620000 0.82 0.16 0.02
8.630000 0.82 0.16 0.02
8.640000 0.82 0.16 0.02
8.650000 0.82 0.16 0.02
8.660000 0.82 0.16 0.02
8.670000 0.82 0.16 0.02
8.680000 0.82 0.16 0.02
8.690000 0.82 0.16 0.02
8.700000 0.82 0.16 0.02
8.710000 0.82 0.16 0.02
8.720000 0.82 0.16 0.02
8.730000 0.82 0.16 0.02
8.740000 0.82 0.16 0.02
8.750000 0.82 0.16 0.02
8.760000 0.82 0.16 0.02
8.770000 0.82 0.16 0.02
8.780000 0.82 0.16 0.02
8.790000 0.82 0.16 0.02
8.800000 0.82 0.16 0.02
8.810000 0.82 0.16 0.02
8.820000 0.82 0.16 0.02
8.830000 0.82 0.16 0.02
8.840000 0.82 0.16 0.02
8.850000 0.82 0.16 0.02
8.860000 0.82 0.16 0.02
8.870000 0.82 0.16 0.02
8.880000 0.82 0.16 0.02
8.890000 0.82 0.16 0.02
8.900000 0.82 0.16 0.02
8.910000 0.82 0.16 0.02
8.920000 0.82 0.16 0.02
8.930000 0.82 0.16 0.02
8.940000 0.82 0.16 0.02
8.950000 0.82 0.16 0.02
8.960000 0.82 0.16 0.02
8.970000 0.82 0.16 0.02
8.980000 0.82 0.16 0.02
8.990000 0.81 0.16 0.02
9.000000 0.81 0.16 0.02
9.010000 0.81 0.16 0.02
9.020000 0.81 0.16 0.02
9.030000 0.81 0.16 0.02
9.040000 0.81 0.16 0.02
9.050000 0.81 0.16 0.02
9.060000 0.81 0.16 0.02
9.070000 0.81 0.16 0.02
9.080000 0.81 0.16 0.02
9.090000 0.81 0.16 0.02
9.100000 0.81 0.16 0.02
9.110000 0.81 0.16 0.02
9.120000 0.81 0.16 0.02
9.130000 0.81 0.16 0.02
9.140000 0.81 0.16 0.02
9.150000 0.81 0.17 0.02
9.160000 0.81 0.17 0.02
9.170000 0.81 0.17 0.02
9.180000 0.81 0.17 0.02
9.190000 0.81 0.17 0.02
9.200000 0.81 0.17 0.02
9.210000 0.81 0.17 0.02
9.220000 0.81 0.17 0.02
9.230000 0.81 0.17 0.02
9.240000 0.81 0.17 0.02
9.250000 0.81 0.17 0.02
9.260000 0.81 0.17 0.02
9.270000 0.81 0.17 0.02
9.280000 0.81 0.17 0.02
9.290000 0.81 0.17 0.02
9.300000 0.81 0.17 0.02
9.310000 0.81 0.17 0.02
9.320000 0.81 0.17 0.02
9.330000 0.81 0.17 0.02
9.340000 0.81 0.17 0.02
9.350000 0.81 0.17 0.02
9.360000 0.81 0.17 0.02
9.370000 0.81 0.17 0.02
9.380000 0.81 0.17 0.02
9.390000 0.81 0.17 0.02
9.400000 0.81 0.17 0.02
9.410000 0.81 0.17 0.02
9.420000 0.81 0.17 0.02
9.430000 0.81 0.17 0.02
9.440000 0.81 0.17 0.02
9.450000 0.81 0.17 0.02
9.460000 0.80 0.17 0.02
9.470000 0.80 0.17 0.02
9.480000 0.80 0.17 0.03
9.490000 0.80 0.17 0.03
9.500000 0.80 0.17 0.03
9.510000 0.80 0.17 0.03
9.520000 0.80 0.17 0.03
9.530000 0.80 0.17 0.03
9.540000 0.80 0.17 0.03
9.550000 0.80 0.17 0.03
9.560000 0.80 0.17 0.03
9.570000 0.80 0.17 0.03
9.580000 0.80 0.17 0.03
9.590000 0.80 0.17 0.03
9.600000 0.80 0.17 0.03
9.610000 0.80 0.17 0.03
9.620000 0.80 0.17 0.03
9.630000 0.80 0.17 0.03
9.640000 0.80 0.17 0.03
9.650000 0.80 0.17 0.03
9.660000 0.80 0.17 0.03
9.670000 0.80 0.17 0.03
9.680000 0.80 0.17 0.03
9.690000 0.80 0.17 0.03
9.700000 0.80 0.17 0.03
9.710000 0.80 0.17 0.03
9.720000 0.80 0.17 0.03
9.730000 0.80 0.17 0.03
9.740000 0.80 0.17 0.03
9.750000 0.80 0.17 0.03
9.760000 0.80 0.17 0.03
9.770000 0.80 0.18 0.03
9.780000 0.80 0.18 0.03
9.790000 0.80 0.18 0.03
9.800000 0.80 0.18 0.03
9.810000 0.80 0.18 0.03
9.820000 0.80 0.18 0.03
9.830000 0.80 0.18 0.03
9.840000 0.80 0.18 0.03
9.850000 0.80 0.18 0.03
9.860000 0.80 0.18 0.03
9.870000 0.80 0.18 0.03
9.880000 0.80 0.18 0.03
9.890000 0.80 0.18 0.03
9.900000 0.80 0.18 0.03
9.910000 0.80 0.18 0.03
9.920000 0.80 0.18 0.03
9.930000 0.80 0.18 0.03
9.940000 0.79 0.18 0.03
9.950000 0.79 0.18 0.03
9.960000 0.79 0.18 0.03
9.970000 0.79 0.18 0.03
9.980000 0.79 0.18 0.03
9.990000 0.79 0.18 0.03
10.000000 0.79 0.18 0.03
10.010000 0.79 0.18 0.03
10.020000 0.79 0.18 0.03
10.030000 0.79 0.18 0.03
10.040000 0.79 0.18 0.03
10.050000 0.79 0.18 0.03
10.060000 0.79 0.18 0.03
10.070000 0.79 0.18 0.03
10.080000 0.79 0.18 0.03
10.090000 0.79 0.18 0.03
10.100000 0.79 0.18 0.03
10.110000 0.79 0.18 0.03
10.120000 0.79 0.18 0.03
10.130000 0.79 0.18 0.03
10.140000 0.79 0.18 0.03
10.150000 0.79 0.18 0.03
10.160000 0.79 0.18 0.03
10.170000 0.79 0.18 0.03
10.180000 0.79 0.18 0.03
10.190000 0.79 0.18 0.03
10.200000 0.79 0.18 0.03
10.210000 0.79 0.18 0.03
10.220000 0.79 0.18 0.03
10.230000 0.79 0.18 0.03
10.240000 0.79 0.18 0.03
10.250000 0.79 0.18 0.03
10.260000 0.79 0.18 0.03
10.270000 0.79 0.18 0.03
10.280000 0.79 0.18 0.03
10.290000 0.79 0.18 0.03
10.300000 0.79 0.18 0.03
10.310000 0.79 0.18 0.03
10.320000 0.79 0.18 0.03
10.330000 0.79 0.18 0.03
10.340000 0.79 0.18 0.03
10.350000 0.79 0.18 0.03
10.360000 0.79 0.18 0.03
10.370000 0.79 0.18 0.03
10.380000 0.79 0.18 0.03
10.390000 0.79 0.18 0.03
10.400000 0.79 0.18 0.03
10.410000 0.79 0.19 0.03
10.420000 0.78 0.19 0.03
10.430000 0.78 0.19 0.03
10.440000 0.78 0.19 0.03
10.450000 0.78 0.19 0.03
10.460000 0.78 0.19 0.03
10.470000 0.78 0.19 0.03
10.480000 0.78 0.19 0.03
10.490000 0.78 0.19 0.03
10.500000 0.78 0.19 0.03
10.510000 0.78 0.19 0.03
10.520000 0.78 0.19 0.03
10.530000 0.78 0.19 0.03
10.540000 0.78 0.19 0.03
10.550000 0.78 0.19 0.03
10.560000 0.78 0.19 0.03
10.570000 0.78 0.19 0.03
10.580000 0.78 0.19 0.03
10.590000 0.78 0.19 0.03
10.600000 0.78 0.19 0.03
10.610000 0.78 0.19 0.03
10.620000 0.78 0.19 0.03
10.630000 0.78 0.19 0.03
10.640000 0.78 0.19 0.03
10.650000 0.78 0.19 0.03
10.660000 0.78 0.19 0.03
10.670000 0.78 0.19 0.03
10.680000 0.78 0.19 0.03
10.690000 0.78 0.19 0.03
10.700000 0.78 0.19 0.03
10.710000 0.78 0.19 0.03
10.720000 0.78 0.19 0.03
10.730000 0.78 0.19 0.03
10.740000 0.78 0.19 0.03
10.750000 0.78 0.19 0.03
10.760000 0.78 0.19 0.03
10.770000 0.78 0.19 0.03
10.780000 0.78 0.19 0.03
10.790000 0.78 0.19 0.03
10.800000 0.78 0.19 0.03
10.810000 0.78 0.19 0.03
10.820000 0.78 0.19 0.03
10.830000 0.78 0.19 0.03
10.840000 0.78 0.19 0.03
10.850000 0.78 0.19 0.03
10.860000 0.78 0.19 0.03
10.870000 0.78 0.19 0.03
10.880000 0.78 0.19 0.03
10.890000 0.77 0.19 0.03
10.900000 0.77 0.19 0.03
10.910000 0.77 0.19 0.03
10.920000 0.77 0.19 0.03
10.930000 0.77 0.19 0.03
10.940000 0.77 0.19 0.03
10.950000 0.77 0.19 0.03
10.960000 0.77 0.19 0.03
10.970000 0.77 0.19 0.03
10.980000 0.77 0.19 0.03
10.990000 0.77 0.19 0.03
11.000000 0.77 0.19 0.03
11.010000 0.77 0.19 0.03
11.020000 0.77 0.19 0.03
11.030000 0.77 0.19 0.03
11.040000 0.77 0.19 0.03
11.050000 0.77 0.19 0.03
11.060000 0.77 0.20 0.03
11.070000 0.77 0.20 0.03
11.080000 0.77 0.20 0.03
11.090000 0.77 0.20 0.03
11.100000 0.77 0.20 0.03
11.110000 0.77 0.20 0.03
11.120000 0.77 0.20 0.03
11.130000 0.77 0.20 0.03
11.140000 0.77 0.20 0.03
11.150000 0.77 0.20 0.03
11.160000 0.77 0.20 0.03
11.170000 0.77 0.20 0.03
11.180000 0.77 0.20 0.03
11.190000 0.77 0.20 0.03
11.200000 0.77 0.20 0.03
11.210000 0.77 0.20 0.03
11.220000 0.77 0.20 0.03
11.230000 0.77 0.20 0.03
11.240000 0.77 0.20 0.03
11.250000 0.77 0.20 0.03
11.260000 0.77 0.20 0.03
11.270000 0.77 0.20 0.03
11.280000 0.77 0.20 0.03
11.290000 0.77 0.20 0.04
11.300000 0.77 0.20 0.04
11.310000 0.77 0.20 0.04
11.320000 0.77 0.20 0.04
11.330000 0.77 0.20 0.04
11.340000 0.77 0.20 0.04
11.350000 0.77 0.20 0.04
11.360000 0.77 0.20 0.04
11.370000 0.76 0.20 0.04
11.380000 0.76 0.20 0.04
11.390000 0.76 0.20 0.04
11.400000 0.76 0.20 0.04
11.410000 0.76 0.20 0.04
11.420000 0.76 0.20 0.04
11.430000 0.76 0.20 0.04
11.440000 0.76 0.20 0.04
11.450000 0.76 0.20 0.04
11.460000 0.76 0.20 0.04
11.470000 0.76 0.20 0.04
11.480000 0.76 0.20 0.04
11.490000 0.76 0.20 0.04
11.500000 0.76 0.20 0.04
11.510000 0.76 0.20 0.04
11.520000 0.76 0.20 0.04
11.530000 0.76 0.20 0.04
11.540000 0.76 0.20 0.04
11.550000 0.76 0.20 0.04
11.560000 0.76 0.20 0.04
11.570000 0.76 0.20 0.04
11.580000 0.76 0.20 0.04
11.590000 0.76 0.20 0.04
11.600000 0.76 0.20 0.04
11.610000 0.76 0.20 0.04
11.620000 0.76 0.20 0.04
11.630000 0.76 0.20 0.04
11.640000 0.76 0.20 0.04
11.650000 0.76 0.20 0.04
11.660000 0.76 0.20 0.04
11.670000 0.76 0.20 0.04
11.680000 0.76 0.20 0.04
11.690000 0.76 0.20 0.04
11.700000 0.76 0.20 0.04
11.710000 0.76 0.20 0.04
11.720000 0.76 0.20 0.04
11.730000 0.76 0.21 0.04
11.740000 0.76 0.21 0.04
11.750000 0.76 0.21 0.04
11.760000 0.76 0.21 0.04
11.770000 0.76 0.21 0.04
11.780000 0.76 0.21 0.04
11.790000 0.76 0.21 0.04
11.800000 0.76 0.21 0.04
11.810000 0.76 0.21 0.04
11.820000 0.76 0.21 0.04
11.830000 0.76 0.21 0.04
11.840000 0.75 0.21 0.04
11.850000 0.75 0.21 0.04
11.860000 0.75 0.21 0.04
11.870000 0.75 0.21 0.04
11.880000 0.75 0.21 0.04
11.890000 0.75 0.21 0.04
11.900000 0.75 0.21 0.04
11.910000 0.75 0.21 0.04
11.920000 0.75 0.21 0.04
11.930000 0.75 0.21 0.04
11.940000 0.75 0.21 0.04
11.950000 0.75 0.21 0.04
11.960000 0.75 0.21 0.04
11.970000 0.75 0.21 0.04
11.980000 0.75 0.21 0.04
11.990000 0.75 0.21 0.04
12.000000 0.75 0.21 0.04
12.010000 0.75 0.21 0.04
12.020000 0.75 0.21 0.04
12.030000 0.75 0.21 0.04
12.040000 0.75 0.21 0.04
12.050000 0.75 0.21 0.04
12.060000 0.75 0.21 0.04
12.070000 0.75 0.21 0.04
12.080000 0.75 0.21 0.04
12.090000 0.75 0.21 0.04
12.100000 0.75 0.21 0.04
12.110000 0.75 0.21 0.04
12.120000 0.75 0.21 0.04
12.130000 0.75 0.21 0.04
12.140000 0.75 0.21 0.04
12.150000 0.75 0.21 0.04
12.160000 0.75 0.21 0.04
12.170000 0.75 0.21 0.04
12.180000 0.75 0.21 0.04
12.190000 0.75 0.21 0.04
12.200000 0.75 0.21 0.04
12.210000 0.75 0.21 0.04
12.220000 0.75 0.21 0.04
12.230000 0.75 0.21 0.04
12.240000 0.75 0.21 0.04
12.250000 0.75 0.21 0.04
12.260000 0.75 0.21 0.04
12.270000 0.75 0.21 0.04
12.280000 0.75 0.21 0.04
12.290000 0.75 0.21 0.04
12.300000 0.75 0.21 0.04
12.310000 0.75 0.21 0.04
12.320000 0.74 0.21 0.04
12.330000 0.74 0.21 0.04
12.340000 0.74 0.21 0.04
12.350000 0.74 0.21 0.04
12.360000 0.74 0.21 0.04
12.370000 0.74 0.21 0.04
12.380000 0.74 0.21 0.04
12.390000 0.74 0.21 0.04
12.400000 0.74 0.22 0.04
12.410000 0.74 0.22 0.04
12.420000 0.74 0.22 0.04
12.430000 0.74 0.22 0.04
12.440000 0.74 0.22 0.04
12.450000 0.74 0.22 0.04
12.460000 0.74 0.22 0.04
12.470000 0.74 0.22 0.04
12.480000 0.74 0.22 0.04
12.490000 0.74 0.22 0.04
12.500000 0.74 0.22 0.04
12.510000 0.74 0.22 0.04
12.520000 0.74 0.22 0.04
12.530000 0.74 0.22 0.04
12.540000 0.74 0.22 0.04
12.550000 0.74 0.22 0.04
12.560000 0.74 0.22 0.04
12.570000 0.74 0.22 0.04
12.580000 0.74 0.22 0.04
12.590000 0.74 0.22 0.04
12.600000 0.74 0.22 0.04
12.610000 0.74 0.22 0.04
12.620000 0.74 0.22 0.04
12.630000 0.74 0.22 0.04
12.640000 0.74 0.22 0.04
12.650000 0.74 0.22 0.04
12.660000 0.74 0.22 0.04
12.670000 0.74 0.22 0.04
12.680000 0.74 0.22 0.04
12.690000 0.74 0.22 0.04
12.700000 0.74 0.22 0.04
12.710000 0.74 0.22 0.04
12.720000 0.74 0.22 0.04
12.730000 0.74 0.22 0.04
12.740000 0.74 0.22 0.04
12.750000 0.74 0.22 0.04
12.760000 0.74 0.22 0.04
12.770000 0.74 0.22 0.04
12.780000 0.74 0.22 0.04
12.790000 0.73 0.22 0.04
12.800000 0.73 0.22 0.04
12.810000 0.73 0.22 0.04
12.820000 0.73 0.22 0.04
12.830000 0.73 0.22 0.04
12.840000 0.73 0.22 0.04
12.850000 0.73 0.22 0.04
12.860000 0.73 0.22 0.04
12.870000 0.73 0.22 0.04
12.880000 0.73 0.22 0.04
12.890000 0.73 0.22 0.05
12.900000 0.73 0.22 0.05
12.910000 0.73 0.22 0.05
12.920000 0.73 0.22 0.05
12.930000 0.73 0.22 0.05
12.940000 0.73 0.22 0.05
12.950000 0.73 0.22 0.05
12.960000 0.73 0.22 0.05
12.970000 0.73 0.22 0.05
12.980000 0.73 0.22 0.05
12.990000 0.73 0.22 0.05
13.000000 0.73 0.22 0.05
13.010000 0.73 0.22 0.05
13.020000 0.73 0.22 0.05
13.030000 0.73 0.22 0.05
13.040000 0.73 0.22 0.05
13.050000 0.73 0.22 0.05
13.060000 0.73 0.22 0.05
13.070000 0.73 0.22 0.05
13.080000 0.73 0.22 0.05
13.090000 0.73 0.23 0.05
13.100000 0.73 0.23 0.05
13.110000 0.73 0.23 0.05
13.120000 0.73 0.23 0.05
13.130000 0.73 0.23 0.05
13.140000 0.73 0.23 0.05
13.150000 0.73 0.23 0.05
13.160000 0.73 0.23 0.05
13.170000 0.73 0.23 0.05
13.180000 0.73 0.23 0.05
13.190000 0.73 0.23 0.05
13.200000 0.73 0.23 0.05
13.210000 0.73 0.23 0.05
13.220000 0.73 0.23 0.05
13.230000 0.73 0.23 0.05
13.240000 0.73 0.23 0.05
13.250000 0.73 0.23 0.05
13.260000 0.73 0.23 0.05
13.270000 0.72 0.23 0.05
13.280000 0.72 0.23 0.05
13.290000 0.72 0.23 0.05
13.300000 0.72 0.23 0.05
13.310000 0.72 0.23 0.05
13.320000 0.72 0.23 0.05
13.330000 0.72 0.23 0.05
13.340000 0.72 0.23 0.05
13.350000 0.72 0.23 0.05
13.360000 0.72 0.23 0.05
13.370000 0.72 0.23 0.05
13.380000 0.72 0.23 0.05
13.390000 0.72 0.23 0.05
13.400000 0.72 0.23 0.05
13.410000 0.72 0.23 0.05
13.420000 0.72 0.23 0.05
13.430000 0.72 0.23 0.05
13.440000 0.72 0.23 0.05
13.450000 0.72 0.23 0.05
13.460000 0.72 0.23 0.05
13.470000 0.72 0.23 0.05
13.480000 0.72 0.23 0.05
13.490000 0.72 0.23 0.05
13.500000 0.72 0.23 0.05
13.510000 0.72 0.23 0.05
13.520000 0.72 0.23 0.05
13.530000 0.72 0.23 0.05
13.540000 0.72 0.23 0.05
13.550000 0.72 0.23 0.05
13.560000 0.72 0.23 0.05
13.570000 0.72 0.23 0.05
13.580000 0.72 0.23 0.05
13.590000 0.72 0.23 0.05
13.600000 0.72 0.23 0.05
13.610000 0.72 0.23 0.05
13.620000 0.72 0.23 0.05
13.630000 0.72 0.23 0.05
13.640000 0.72 0.23 0.05
13.650000 0.72 0.23 0.05
13.660000 0.72 0.23 0.05
13.670000 0.72 0.23 0.05
13.680000 0.72 0.23 0.05
13.690000 0.72 0.23 0.05
13.700000 0.72 0.23 0.05
13.710000 0.72 0.23 0.05
13.720000 0.72 0.23 0.05
13.730000 0.72 0.23 0.05
13.740000 0.71 0.23 0.05
13.750000 0.71 0.23 0.05
13.760000 0.71 0.23 0.05
13.770000 0.71 0.23 0.05
13.780000 0.71 0.23 0.05
13.790000 0.71 0.23 0.05
13.800000 0.71 0.24 0.05
13.810000 0.71 0.24 0.05
13.820000 0.71 0.24 0.05
13.830000 0.71 0.24 0.05
13.840000 0.71 0.24 0.05
13.850000 0.71 0.24 0.05
13.860000 0.71 0.24 0.05
13.870000 0.71 0.24 0.05
13.880000 0.71 0.24 0.05
13.890000 0.71 0.24 0.05
13.900000 0.71 0.24 0.05
13.910000 0.71 0.24 0.05
13.920000 0.71 0.24 0.05
13.930000 0.71 0.24 0.05
13.940000 0.71 0.24 0.05
13.950000 0.71 0.24 0.05
13.960000 0.71 0.24 0.05
13.970000 0.71 0.24 0.05
13.980000 0.71 0.24 0.05
13.990000 0.71 0.24 0.05
14.000000 0.71 0.24 0.05
14.010000 0.71 0.24 0.05
14.020000 0.71 0.24 0.05
14.030000 0.71 0.24 0.05
14.040000 0.71 0.24 0.05
14.050000 0.71 0.24 0.05
14.060000 0.71 0.24 0.05
14.070000 0.71 0.24 0.05
14.080000 0.71 0.24 0.05
14.090000 0.71 0.24 0.05
14.100000 0.71 0.24 0.05
14.110000 0.71 0.24 0.05
14.120000 0.71 0.24 0.05
14.130000 0.71 0.24 0.05
14.140000 0.71 0.24 0.05
14.150000 0.71 0.24 0.05
14.160000 0.71 0.24 0.05
14.170000 0.71 0.24 0.05
14.180000 0.71 0.24 0.05
14.190000 0.71 0.24 0.05
14.200000 0.71 0.24 0.05
14.210000 0.71 0.24 0.05
14.220000 0.70 0.24 0.05
14.230000 0.70 0.24 0.05
14.240000 0.70 0.24 0.05
14.250000 0.70 0.24 0.05
14.260000 0.70 0.24 0.05
14.270000 0.70 0.24 0.05
14.280000 0.70 0.24 0.05
14.290000 0.70 0.24 0.05
14.300000 0.70 0.24 0.05
14.310000 0.70 0.24 0.05
14.320000 0.70 0.24 0.05
14.330000 0.70 0.24 0.06
14.340000 0.70 0.24 0.06
14.350000 0.70 0.24 0.06
14.360000 0.70 0.24 0.06
14.370000 0.70 0.24 0.06
14.380000 0.70 0.24 0.06
14.390000 0.70 0.24 0.06
14.400000 0.70 0.24 0.06
14.410000 0.70 0.24 0.06
14.420000 0.70 0.24 0.06
14.430000 0.70 0.24 0.06
14.440000 0.70 0.24 0.06
14.450000 0.70 0.24 0.06
14.460000 0.70 0.24 0.06
14.470000 0.70 0.24 0.06
14.480000 0.70 0.24 0.06
14.490000 0.70 0.24 0.06
14.500000 0.70 0.24 0.06
14.510000 0.70 0.24 0.06
14.520000 0.70 0.25 0.06
14.530000 0.70 0.25 0.06
14.540000 0.70 0.25 0.06
14.550000 0.70 0.25 0.06
14.560000 0.70 0.25 0.06
14.570000 0.70 0.25 0.06
14.580000 0.70 0.25 0.06
14.590000 0.70 0.25 0.06
14.600000 0.70 0.25 0.06
14.610000 0.70 0.25 0.06
14.620000 0.70 0.25 0.06
14.630000 0.70 0.25 0.06
14.640000 0.70 0.25 0.06
14.650000 0.70 0.25 0.06
14.660000 0.70 0.25 0.06
14.670000 0.70 0.25 0.06
14.680000 0.70 0.25 0.06
14.690000 0.69 0.25 0.06
14.700000 0.69 0.25 0.06
14.710000 0.69 0.25 0.06
14.720000 0.69 0.25 0.06
14.730000 0.69 0.25 0.06
14.740000 0.69 0.25 0.06
14.750000 0.69 0.25 0.06
14.760000 0.69 0.25 0.06
14.770000 0.69 0.25 0.06
14.780000 0.69 0.25 0.06
14.790000 0.69 0.25 0.06
14.800000 0.69 0.25 0.06
14.810000 0.69 0.25 0.06
14.820000 0.69 0.25 0.06
14.830000 0.69 0.25 0.06
14.840000 0.69 0.25 0.06
14.850000 0.69 0.25 0.06
14.860000 0.69 0.25 0.06
14.870000 0.69 0.25 0.06
14.880000 0.69 0.25 0.06
14.890000 0.69 0.25 0.06
14.900000 0.69 0.25 0.06
14.910000 0.69 0.25 0.06
14.920000 0.69 0.25 0.06
14.930000 0.69 0.25 0.06
14.940000 0.69 0.25 0.06
14.950000 0.69 0.25 0.06
14.960000 0.69 0.25 0.06
14.970000 0.69 0.25 0.06
14.980000 0.69 0.25 0.06
14.990000 0.69 0.25 0.06
15.000000 0.69 0.25 0.06
15.010000 0.69 0.25 0.06
15.020000 0.69 0.25 0.06
15.030000 0.69 0.25 0.06
15.040000 0.69 0.25 0.06
15.050000 0.69 0.25 0.06
15.060000 0.69 0.25 0.06
15.070000 0.69 0.25 0.06
15.080000 0.69 0.25 0.06
15.090000 0.69 0.25 0.06
15.100000 0.69 0.25 0.06
15.110000 0.69 0.25 0.06
15.120000 0.69 0.25 0.06
15.130000 0.69 0.25 0.06
15.140000 0.69 0.25 0.06
15.150000 0.69 0.25 0.06
15.160000 0.69 0.25 0.06
15.170000 0.68 0.25 0.06
15.180000 0.68 0.25 0.06
15.190000 0.68 0.25 0.06
15.200000 0.68 0.25 0.06
15.210000 0.68 0.25 0.06
15.220000 0.68 0.25 0.06
15.230000 0.68 0.25 0.06
15.240000 0.68 0.25 0.06
15.250000 0.68 0.26 0.06
15.260000 0.68 0.26 0.06
15.270000 0.68 0.26 0.06
15.280000 0.68 0.26 0.06
15.290000 0.68 0.26 0.06
15.300000 0.68 0.26 0.06
15.310000 0.68 0.26 0.06
15.320000 0.68 0.26 0.06
15.330000 0.68 0.26 0.06
15.340000 0.68 0.26 0.06
15.350000 0.68 0.26 0.06
15.360000 0.68 0.26 0.06
15.370000 0.68 0.26 0.06
15.380000 0.68 0.26 0.06
15.390000 0.68 0.26 0.06
15.400000 0.68 0.26 0.06
15.410000 0.68 0.26 0.06
15.420000 0.68 0.26 0.06
15.430000 0.68 0.26 0.06
15.440000 0.68 0.26 0.06
15.450000 0.68 0.26 0.06
15.460000 0.68 0.26 0.06
15.470000 0.68 0.26 0.06
15.480000 0.68 0.26 0.06
15.490000 0.68 0.26 0.06
15.500000 0.68 0.26 0.06
15.510000 0.68 0.26 0.06
15.520000 0.68 0.26 0.06
15.530000 0.68 0.26 0.06
15.540000 0.68 0.26 0.06
15.550000 0.68 0.26 0.06
15.560000 0.68 0.26 0.06
15.570000 0.68 0.26 0.06
15.580000 0.68 0.26 0.06
15.590000 0.68 0.26 0.06
15.600000 0.68 0.26 0.06
15.610000 0.68 0.26 0.06
15.620000 0.68 0.26 0.06
15.630000 0.68 0.26 0.06
15.640000 0.67 0.26 0.06
15.650000 0.67 0.26 0.06
15.660000 0.67 0.26 0.06
15.670000 0.67 0.26 0.07
15.680000 0.67 0.26 0.07
15.690000 0.67 0.26 0.07
15.700000 0.67 0.26 0.07
15.710000 0.67 0.26 0.07
15.720000 0.67 0.26 0.07
15.730000 0.67 0.26 0.07
15.740000 0.67 0.26 0.07
15.750000 0.67 0.26 0.07
15.760000 0.67 0.26 0.07
15.770000 0.67 0.26 0.07
15.780000 0.67 0.26 0.07
15.790000 0.67 0.26 0.07
15.800000 0.67 0.26 0.07
15.810000 0.67 0.26 0.07
15.820000 0.67 0.26 0.07
15.830000 0.67 0.26 0.07
15.840000 0.67 0.26 0.07
15.850000 0.67 0.26 0.07
15.860000 0.67 0.26 0.07
15.870000 0.67 0.26 0.07
15.880000 0.67 0.26 0.07
15.890000 0.67 0.26 0.07
15.900000 0.67 0.26 0.07
15.910000 0.67 0.26 0.07
15.920000 0.67 0.26 0.07
15.930000 0.67 0.26 0.07
15.940000 0.67 0.26 0.07
15.950000 0.67 0.26 0.07
15.960000 0.67 0.26 0.07
15.970000 0.67 0.26 0.07
15.980000 0.67 0.26 0.07
15.990000 0.67 0.26 0.07
16.000000 0.67 0.26 0.07
16.010000 0.67 0.27 0.07
16.020000 0.67 0.27 0.07
16.030000 0.67 0.27 0.07
16.040000 0.67 0.27 0.07
16.050000 0.67 0.27 0.07
16.060000 0.67 0.27 0.07
16.070000 0.67 0.27 0.07
16.080000 0.67 0.27 0.07
16.090000 0.67 0.27 0.07
16.100000 0.67 0.27 0.07
16.110000 0.67 0.27 0.07
16.120000 0.66 0.27 0.07
16.130000 0.66 0.27 0.07
16.140000 0.66 0.27 0.07
16.150000 0.66 0.27 0.07
16.160000 0.66 0.27 0.07
16.170000 0.66 0.27 0.07
16.180000 0.66 0.27 0.07
16.190000 0.66 0.27 0.07
16.200000 0.66 0.27 0.07
16.210000 0.66 0.27 0.07
16.220000 0.66 0.27 0.07
16.230000 0.66 0.27 0.07
16.240000 0.66 0.27 0.07
16.250000 0.66 0.27 0.07
16.260000 0.66 0.27 0.07
16.270000 0.66 0.27 0.07
16.280000 0.66 0.27 0.07
16.290000 0.66 0.27 0.07
16.300000 0.66 0.27 0.07
16.310000 0.66 0.27 0.07
16.320000 0.66 0.27 0.07
16.330000 0.66 0.27 0.07
16.340000 0.66 0.27 0.07
16.350000 0.66 0.27 0.07
16.360000 0.66 0.27 0.07
16.370000 0.66 0.27 0.07
16.380000 0.66 0.27 0.07
16.390000 0.66 0.27 0.07
16.400000 0.66 0.27 0.07
16.410000 0.66 0.27 0.07
16.420000 0.66 0.27 0.07
16.430000 0.66 0.27 0.07
16.440000 0.66 0.27 0.07
16.450000 0.66 0.27 0.07
16.460000 0.66 0.27 0.07
16.470000 0.66 0.27 0.07
16.480000 0.66 0.27 0.07
16.490000 0.66 0.27 0.07
16.500000 0.66 0.27 0.07
16.510000 0.66 0.27 0.07
16.520000 0.66 0.27 0.07
16.530000 0.66 0.27 0.07
16.540000 0.66 0.27 0.07
16.550000 0.66 0.27 0.07
16.560000 0.66 0.27 0.07
16.570000 0.66 0.27 0.07
16.580000 0.66 0.27 0.07
16.590000 0.66 0.27 0.07
16.600000 0.65 0.27 0.07
16.610000 0.65 0.27 0.07
16.620000 0.65 0.27 0.07
16.630000 0.65 0.27 0.07
16.640000 0.65 0.27 0.07
16.650000 0.65 0.27 0.07
16.660000 0.65 0.27 0.07
16.670000 0.65 0.27 0.07
16.680000 0.65 0.27 0.07
16.690000 0.65 0.27 0.07
16.700000 0.65 0.27 0.07
16.710000 0.65 0.27 0.07
16.720000 0.65 0.27 0.07
16.730000 0.65 0.27 0.07
16.740000 0.65 0.27 0.07
16.750000 0.65 0.27 0.07
16.760000 0.65 0.27 0.07
16.770000 0.65 0.27 0.07
16.780000 0.65 0.28 0.07
16.790000 0.65 0.28 0.07
16.800000 0.65 0.28 0.07
16.810000 0.65 0.28 0.07
16.820000 0.65 0.28 0.07
16.830000 0.65 0.28 0.07
16.840000 0.65 0.28 0.07
16.850000 0.65 0.28 0.07
16.860000 0.65 0.28 0.07
16.870000 0.65 0.28 0.07
16.880000 0.65 0.28 0.07
16.890000 0.65 0.28 0.07
16.900000 0.65 0.28 0.07
16.910000 0.65 0.28 0.07
16.920000 0.65 0.28 0.08
16.930000 0.65 0.28 0.08
16.940000 0.65 0.28 0.08
16.950000 0.65 0.28 0.08
16.960000 0.65 0.28 0.08
16.970000 0.65 0.28 0.08
16.980000 0.65 0.28 0.08
16.990000 0.65 0.28 0.08
17.000000 0.65 0.28 0.08
17.010000 0.65 0.28 0.08
17.020000 0.65 0.28 0.08
17.030000 0.65 0.28 0.08
17.040000 0.65 0.28 0.08
17.050000 0.65 0.28 0.08
17.060000 0.65 0.28 0.08
17.070000 0.65 0.28 0.08
17.080000 0.64 0.28 0.08
17.090000 0.64 0.28 0.08
17.100000 0.64 0.28 0.08
17.110000 0.64 0.28 0.08
17.120000 0.64 0.28 0.08
17.130000 0.64 0.28 0.08
17.140000 0.64 0.28 0.08
17.150000 0.64 0.28 0.08
17.160000 0.64 0.28 0.08
17.170000 0.64 0.28 0.08
17.180000 0.64 0.28 0.08
17.190000 0.64 0.28 0.08
17.200000 0.64 0.28 0.08
17.210000 0.64 0.28 0.08
17.220000 0.64 0.28 0.08
17.230000 0.64 0.28 0.08
17.240000 0.64 0.28 0.08
17.250000 0.64 0.28 0.08
17.260000 0.64 0.28 0.08
17.270000 0.64 0.28 0.08
17.280000 0.64 0.28 0.08
17.290000 0.64 0.28 0.08
17.300000 0.64 0.28 0.08
17.310000 0.64 0.28 0.08
17.320000 0.64 0.28 0.08
17.330000 0.64 0.28 0.08
17.340000 0.64 0.28 0.08
17.350000 0.64 0.28 0.08
17.360000 0.64 0.28 0.08
17.370000 0.64 0.28 0.08
17.380000 0.64 0.28 0.08
17.390000 0.64 0.28 0.08
17.400000 0.64 0.28 0.08
17.410000 0.64 0.28 0.08
17.420000 0.64 0.28 0.08
17.430000 0.64 0.28 0.08
17.440000 0.64 0.28 0.08
17.450000 0.64 0.28 0.08
17.460000 0.64 0.28 0.08
17.470000 0.64 0.28 0.08
17.480000 0.64 0.28 0.08
17.490000 0.64 0.28 0.08
17.500000 0.64 0.28 0.08
17.510000 0.64 0.28 0.08
17.520000 0.64 0.28 0.08
17.530000 0.64 0.28 0.08
17.540000 0.64 0.28 0.08
17.550000 0.63 0.28 0.08
17.560000 0.63 0.28 0.08
17.570000 0.63 0.28 0.08
17.580000 0.63 0.29 0.08
17.590000 0.63 0.29 0.08
17.600000 0.63 0.29 0.08
17.610000 0.63 0.29 0.08
17.620000 0.63 0.29 0.08
17.630000 0.63 0.29 0.08
17.640000 0.63 0.29 0.08
17.650000 0.63 0.29 0.08
17.660000 0.63 0.29 0.08
17.670000 0.63 0.29 0.08
17.680000 0.63 0.29 0.08
17.690000 0.63 0.29 0.08
17.700000 0.63 0.29 0.08
17.710000 0.63 0.29 0.08
17.720000 0.63 0.29 0.08
17.730000 0.63 0.29 0.08
17.740000 0.63 0.29 0.08
17.750000 0.63 0.29 0.08
17.760000 0.63 0.29 0.08
17.770000 0.63 0.29 0.08
17.780000 0.63 0.29 0.08
17.790000 0.63 0.29 0.08
17.800000 0.63 0.29 0.08
17.810000 0.63 0.29 0.08
17.820000 0.63 0.29 0.08
17.830000 0.63 0.29 0.08
17.840000 0.63 0.29 0.08
17.850000 0.63 0.29 0.08
17.860000 0.63 0.29 0.08
17.870000 0.63 0.29 0.08
17.880000 0.63 0.29 0.08
17.890000 0.63 0.29 0.08
17.900000 0.63 0.29 0.08
17.910000 0.63 0.29 0.08
17.920000 0.63 0.29 0.08
17.930000 0.63 0.29 0.08
17.940000 0.63 0.29 0.08
17.950000 0.63 0.29 0.08
17.960000 0.63 0.29 0.08
17.970000 0.63 0.29 0.08
17.980000 0.63 0.29 0.08
17.990000 0.63 0.29 0.08
18.000000 0.63 0.29 0.08
18.010000 0.63 0.29 0.08
18.020000 0.63 0.29 0.08
18.030000 0.62 0.29 0.08
18.040000 0.62 0.29 0.08
18.050000 0.62 0.29 0.08
18.060000 0.62 0.29 0.08
18.070000 0.62 0.29 0.08
18.080000 0.62 0.29 0.08
18.090000 0.62 0.29 0.08
18.100000 0.62 0.29 0.08
18.110000 0.62 0.29 0.09
18.120000 0.62 0.29 0.09
18.130000 0.62 0.29 0.09
18.140000 0.62 0.29 0.09
18.150000 0.62 0.29 0.09
18.160000 0.62 0.29 0.09
18.170000 0.62 0.29 0.09
18.180000 0.62 0.29 0.09
18.190000 0.62 0.29 0.09
18.200000 0.62 0.29 0.09
18.210000 0.62 0.29 0.09
18.220000 0.62 0.29 0.09
18.230000 0.62 0.29 0.09
18.240000 0.62 0.29 0.09
18.250000 0.62 0.29 0.09
18.260000 0.62 0.29 0.09
18.270000 0.62 0.29 0.09
18.280000 0.62 0.29 0.09
18.290000 0.62 0.29 0.09
18.300000 0.62 0.29 0.09
18.310000 0.62 0.29 0.09
18.320000 0.62 0.29 0.09
18.330000 0.62 0.29 0.09
18.340000 0.62 0.29 0.09
18.350000 0.62 0.29 0.09
18.360000 0.62 0.29 0.09
18.370000 0.62 0.29 0.09
18.380000 0.62 0.29 0.09
18.390000 0.62 0.30 0.09
18.400000 0.62 0.30 0.09
18.410000 0.62 0.30 0.09
18.420000 0.62 0.30 0.09
18.430000 0.62 0.30 0.09
18.440000 0.62 0.30 0.09
18.450000 0.62 0.30 0.09
18.460000 0.62 0.30 0.09
18.470000 0.62 0.30 0.09
18.480000 0.62 0.30 0.09
18.490000 0.62 0.30 0.09
18.500000 0.62 0.30 0.09
18.510000 0.61 0.30 0.09
18.520000 0.61 0.30 0.09
18.530000 0.61 0.30 0.09
18.540000 0.61 0.30 0.09
18.550000 0.61 0.30 0.09
18.560000 0.61 0.30 0.09
18.570000 0.61 0.30 0.09
18.580000 0.61 0.30 0.09
18.590000 0.61 0.30 0.09
18.600000 0.61 0.30 0.09
18.610000 0.61 0.30 0.09
18.620000 0.61 0.30 0.09
18.630000 0.61 0.30 0.09
18.640000 0.61 0.30 0.09
18.650000 0.61 0.30 0.09
18.660000 0.61 0.30 0.09
18.670000 0.61 0.30 0.09
18.680000 0.61 0.30 0.09
18.690000 0.61 0.30 0.09
18.700000 0.61 0.30 0.09
18.710000 0.61 0.30 0.09
18.720000 0.61 0.30 0.09
18.730000 0.61 0.30 0.09
18.740000 0.61 0.30 0.09
18.750000 0.61 0.30 0.09
18.760000 0.61 0.30 0.09
18.770000 0.61 0.30 0.09
18.780000 0.61 0.30 0.09
18.790000 0.61 0.30 0.09
18.800000 0.61 0.30 0.09
18.810000 0.61 0.30 0.09
18.820000 0.61 0.30 0.09
18.830000 0.61 0.30 0.09
18.840000 0.61 0.30 0.09
18.850000 0.61 0.30 0.09
18.860000 0.61 0.30 0.09
18.870000 0.61 0.30 0.09
18.880000 0.61 0.30 0.09
18.890000 0.61 0.30 0.09
18.900000 0.61 0.30 0.09
18.910000 0.61 0.30 0.09
18.920000 0.61 0.30 0.09
18.930000 0.61 0.30 0.09
18.940000 0.61 0.30 0.09
18.950000 0.61 0.30 0.09
18.960000 0.61 0.30 0.09
18.970000 0.61 0.30 0.09
18.980000 0.61 0.30 0.09
18.990000 0.61 0.30 0.09
19.000000 0.60 0.30 0.09
19.010000 0.60 0.30 0.09
19.020000 0.60 0.30 0.09
19.030000 0.60 0.30 0.09
19.040000 0.60 0.30 0.09
19.050000 0.60 0.30 0.09
19.060000 0.60 0.30 0.09
19.070000 0.60 0.30 0.09
19.080000 0.60 0.30 0.09
19.090000 0.60 0.30 0.09
19.100000 0.60 0.30 0.09
19.110000 0.60 0.30 0.09
19.120000 0.60 0.30 0.09
19.130000 0.60 0.30 0.09
19.140000 0.60 0.30 0.09
19.150000 0.60 0.30 0.09
19.160000 0.60 0.30 0.09
19.170000 0.60 0.30 0.09
19.180000 0.60 0.30 0.09
19.190000 0.60 0.30 0.09
19.200000 0.60 0.30 0.09
19.210000 0.60 0.30 0.09
19.220000 0.60 0.30 0.09
19.230000 0.60 0.30 0.09
19.240000 0.60 0.31 0.10
19.250000 0.60 0.31 0.10
19.260000 0.60 0.31 0.10
19.270000 0.60 0.31 0.10
19.280000 0.60 0.31 0.10
19.290000 0.60 0.31 0.10
19.300000 0.60 0.31 0.10
19.310000 0.60 0.31 0.10
19.320000 0.60 0.31 0.10
19.330000 0.60 0.31 0.10
19.340000 0.60 0.31 0.10
19.350000 0.60 0.31 0.10
19.360000 0.60 0.31 0.10
19.370000 0.60 0.31 0.10
19.380000 0.60 0.31 0.10
19.390000 0.60 0.31 0.10
19.400000 0.60 0.31 0.10
19.410000 0.60 0.31 0.10
19.420000 0.60 0.31 0.10
19.430000 0.60 0.31 0.10
19.440000 0.60 0.31 0.10
19.450000 0.60 0.31 0.10
19.460000 0.60 0.31 0.10
19.470000 0.60 0.31 0.10
19.480000 0.59 0.31 0.10
19.490000 0.59 0.31 0.10
19.500000 0.59 0.31 0.10
19.510000 0.59 0.31 0.10
19.520000 0.59 0.31 0.10
19.530000 0.59 0.31 0.10
19.540000 0.59 0.31 0.10
19.550000 0.59 0.31 0.10
19.560000 0.59 0.31 0.10
19.570000 0.59 0.31 0.10
19.580000 0.59 0.31 0.10
19.590000 0.59 0.31 0.10
19.600000 0.59 0.31 0.10
19.610000 0.59 0.31 0.10
19.620000 0.59 0.31 0.10
19.630000 0.59 0.31 0.10
19.640000 0.59 0.31 0.10
19.650000 0.59 0.31 0.10
19.660000 0.59 0.31 0.10
19.670000 0.59 0.31 0.10
19.680000 0.59 0.31 0.10
19.690000 0.59 0.31 0.10
19.700000 0.59 0.31 0.10
19.710000 0.59 0.31 0.10
19.720000 0.59 0.31 0.10
19.730000 0.59 0.31 0.10
19.740000 0.59 0.31 0.10
19.750000 0.59 0.31 0.10
19.760000 0.59 0.31 0.10
19.770000 0.59 0.31 0.10
19.780000 0.59 0.31 0.10
19.790000 0.59 0.31 0.10
19.800000 0.59 0.31 0.10
19.810000 0.59 0.31 0.10
19.820000 0.59 0.31 0.10
19.830000 0.59 0.31 0.10
19.840000 0.59 0.31 0.10
19.850000 0.59 0.31 0.10
19.860000 0.59 0.31 0.10
19.870000 0.59 0.31 0.10
19.880000 0.59 0.31 0.10
19.890000 0.59 0.31 0.10
19.900000 0.59 0.31 0.10
19.910000 0.59 0.31 0.10
19.920000 0.59 0.31 0.10
19.930000 0.59 0.31 0.10
19.940000 0.59 0.31 0.10
19.950000 0.59 0.31 0.10
19.960000 0.58 0.31 0.10
19.970000 0.58 0.31 0.10
19.980000 0.58 0.31 0.10
19.990000 0.58 0.31 0.10
