0.100000 1.00 0.00 0.00
0.200000 1.00 0.00 0.00
0.300000 1.00 0.00 0.00
0.400000 1.00 0.00 0.00
0.500000 0.99 0.00 0.00
0.600000 0.99 0.01 0.00
0.700000 0.99 0.01 0.00
0.800000 0.99 0.01 0.00
0.900000 0.99 0.01 0.00
1.000000 0.99 0.01 0.00
1.100000 0.99 0.01 0.00
1.200000 0.99 0.01 0.00
1.300000 0.99 0.01 0.00
1.400000 0.99 0.01 0.00
1.500000 0.98 0.01 0.00
1.600000 0.98 0.02 0.00
1.700000 0.98 0.02 0.00
1.800000 0.98 0.02 0.00
1.900000 0.98 0.02 0.00
2.000000 0.98 0.02 0.00
2.100000 0.98 0.02 0.00
2.200000 0.98 0.02 0.00
2.300000 0.98 0.02 0.00
2.400000 0.98 0.02 0.00
2.500000 0.97 0.02 0.00
2.600000 0.97 0.03 0.00
2.700000 0.97 0.03 0.00
2.800000 0.97 0.03 0.00
2.900000 0.97 0.03 0.00
3.000000 0.97 0.03 0.00
3.100000 0.97 0.03 0.00
3.200000 0.97 0.03 0.00
3.300000 0.97 0.03 0.00
3.400000 0.97 0.03 0.00
3.500000 0.96 0.03 0.00
3.600000 0.96 0.04 0.00
3.700000 0.96 0.04 0.00
3.800000 0.96 0.04 0.00
3.900000 0.96 0.04 0.00
4.000000 0.96 0.04 0.00
4.100000 0.96 0.04 0.00
4.200000 0.96 0.04 0.00
4.300000 0.96 0.04 0.00
4.400000 0.96 0.04 0.00
4.500000 0.95 0.04 0.00
4.600000 0.95 0.04 0.00
4.700000 0.95 0.05 0.00
4.800000 0.95 0.05 0.00
4.900000 0.95 0.05 0.00
5.000000 0.95 0.05 0.00
5.100000 0.95 0.05 0.00
5.200000 0.95 0.05 0.00
5.300000 0.95 0.05 0.00
5.400000 0.95 0.05 0.00
5.500000 0.94 0.05 0.00
5.600000 0.94 0.05 0.00
5.700000 0.94 0.05 0.00
5.800000 0.94 0.06 0.00
5.900000 0.94 0.06 0.00
6.000000 0.94 0.06 0.00
6.100000 0.94 0.06 0.00
6.200000 0.94 0.06 0.00
6.300000 0.94 0.06 0.00
6.400000 0.93 0.06 0.00
6.500000 0.93 0.06 0.00
6.600000 0.93 0.06 0.00
6.700000 0.93 0.06 0.00
6.800000 0.93 0.07 0.00
6.900000 0.93 0.07 0.00
7.000000 0.93 0.07 0.00
7.100000 0.93 0.07 0.00
7.200000 0.93 0.07 0.00
7.300000 0.93 0.07 0.01
7.400000 0.92 0.07 0.01
7.500000 0.92 0.07 0.01
7.600000 0.92 0.07 0.01
7.700000 0.92 0.07 0.01
7.800000 0.92 0.07 0.01
7.900000 0.92 0.07 0.01
8.000000 0.92 0.08 0.01
8.100000 0.92 0.08 0.01
8.200000 0.92 0.08 0.01
8.300000 0.91 0.08 0.01
8.400000 0.91 0.08 0.01
8.500000 0.91 0.08 0.01
8.600000 0.91 0.08 0.01
8.700000 0.91 0.08 0.01
8.800000 0.91 0.08 0.01
8.900000 0.91 0.08 0.01
9.000000 0.91 0.08 0.01
9.100000 0.91 0.09 0.01
9.200000 0.91 0.09 0.01
9.300000 0.90 0.09 0.01
9.400000 0.90 0.09 0.01
9.500000 0.90 0.09 0.01
9.600000 0.90 0.09 0.01
9.700000 0.90 0.09 0.01
9.800000 0.90 0.09 0.01
9.900000 0.90 0.09 0.01
10.000000 0.90 0.09 0.01
10.100000 0.90 0.09 0.01
10.200000 0.89 0.10 0.01
10.300000 0.89 0.10 0.01
10.400000 0.89 0.10 0.01
10.500000 0.89 0.10 0.01
10.600000 0.89 0.10 0.01
10.700000 0.89 0.10 0.01
10.800000 0.89 0.10 0.01
10.900000 0.89 0.10 0.01
11.000000 0.89 0.10 0.01
11.100000 0.89 0.10 0.01
11.200000 0.88 0.10 0.01
11.300000 0.88 0.10 0.01
11.400000 0.88 0.11 0.01
11.500000 0.88 0.11 0.01
11.600000 0.88 0.11 0.01
11.700000 0.88 0.11 0.01
11.800000 0.88 0.11 0.01
11.900000 0.88 0.11 0.01
12.000000 0.88 0.11 0.01
12.100000 0.87 0.11 0.01
12.200000 0.87 0.11 0.01
12.300000 0.87 0.11 0.01
12.400000 0.87 0.11 0.01
12.500000 0.87 0.11 0.01
12.600000 0.87 0.12 0.01
12.700000 0.87 0.12 0.01
12.800000 0.87 0.12 0.02
12.900000 0.87 0.12 0.02
13.000000 0.87 0.12 0.02
13.100000 0.86 0.12 0.02
13.200000 0.86 0.12 0.02
13.300000 0.86 0.12 0.02
13.400000 0.86 0.12 0.02
13.500000 0.86 0.12 0.02
13.600000 0.86 0.12 0.02
13.700000 0.86 0.12 0.02
13.800000 0.86 0.13 0.02
13.900000 0.86 0.13 0.02
14.000000 0.85 0.13 0.02
14.100000 0.85 0.13 0.02
14.200000 0.85 0.13 0.02
14.300000 0.85 0.13 0.02
14.400000 0.85 0.13 0.02
14.500000 0.85 0.13 0.02
14.600000 0.85 0.13 0.02
14.700000 0.85 0.13 0.02
14.800000 0.85 0.13 0.02
14.900000 0.85 0.13 0.02
15.000000 0.84 0.14 0.02
15.100000 0.84 0.14 0.02
15.200000 0.84 0.14 0.02
15.300000 0.84 0.14 0.02
15.400000 0.84 0.14 0.02
15.500000 0.84 0.14 0.02
15.600000 0.84 0.14 0.02
15.700000 0.84 0.14 0.02
15.800000 0.84 0.14 0.02
15.900000 0.83 0.14 0.02
16.000000 0.83 0.14 0.02
16.100000 0.83 0.14 0.02
16.200000 0.83 0.14 0.02
16.300000 0.83 0.15 0.02
16.400000 0.83 0.15 0.02
16.500000 0.83 0.15 0.02
16.600000 0.83 0.15 0.03
16.700000 0.83 0.15 0.03
16.800000 0.82 0.15 0.03
16.900000 0.82 0.15 0.03
17.000000 0.82 0.15 0.03
17.100000 0.82 0.15 0.03
17.200000 0.82 0.15 0.03
17.300000 0.82 0.15 0.03
17.400000 0.82 0.15 0.03
17.500000 0.82 0.16 0.03
17.600000 0.82 0.16 0.03
17.700000 0.82 0.16 0.03
17.800000 0.81 0.16 0.03
17.900000 0.81 0.16 0.03
18.000000 0.81 0.16 0.03
18.100000 0.81 0.16 0.03
18.200000 0.81 0.16 0.03
18.300000 0.81 0.16 0.03
18.400000 0.81 0.16 0.03
18.500000 0.81 0.16 0.03
18.600000 0.81 0.16 0.03
18.700000 0.80 0.16 0.03
18.800000 0.80 0.16 0.03
18.900000 0.80 0.17 0.03
19.000000 0.80 0.17 0.03
19.100000 0.80 0.17 0.03
19.200000 0.80 0.17 0.03
19.300000 0.80 0.17 0.03
19.400000 0.80 0.17 0.03
19.500000 0.80 0.17 0.03
19.600000 0.79 0.17 0.03
19.700000 0.79 0.17 0.03
19.800000 0.79 0.17 0.03
19.900000 0.79 0.17 0.04
