0.100000 1.00 0.00 0.00
0.200000 1.00 0.00 0.00
0.300000 0.99 0.01 0.00
0.400000 0.99 0.01 0.00
0.500000 0.99 0.01 0.00
0.600000 0.99 0.01 0.00
0.700000 0.99 0.01 0.00
0.800000 0.98 0.02 0.00
0.900000 0.98 0.02 0.00
1.000000 0.98 0.02 0.00
1.100000 0.98 0.02 0.00
1.200000 0.98 0.02 0.00
1.300000 0.97 0.03 0.00
1.400000 0.97 0.03 0.00
1.500000 0.97 0.03 0.00
1.600000 0.97 0.03 0.00
1.700000 0.97 0.03 0.00
1.800000 0.96 0.04 0.00
1.900000 0.96 0.04 0.00
2.000000 0.96 0.04 0.00
2.100000 0.96 0.04 0.00
2.200000 0.96 0.04 0.00
2.300000 0.95 0.04 0.00
2.400000 0.95 0.05 0.00
2.500000 0.95 0.05 0.00
2.600000 0.95 0.05 0.00
2.700000 0.95 0.05 0.00
2.800000 0.94 0.05 0.00
2.900000 0.94 0.06 0.00
3.000000 0.94 0.06 0.00
3.100000 0.94 0.06 0.00
3.200000 0.94 0.06 0.00
3.300000 0.93 0.06 0.00
3.400000 0.93 0.07 0.00
3.500000 0.93 0.07 0.00
3.600000 0.93 0.07 0.00
3.700000 0.93 0.07 0.00
3.800000 0.92 0.07 0.00
3.900000 0.92 0.07 0.00
4.000000 0.92 0.08 0.00
4.100000 0.92 0.08 0.00
4.200000 0.92 0.08 0.00
4.300000 0.91 0.08 0.00
4.400000 0.91 0.08 0.00
4.500000 0.91 0.09 0.00
4.600000 0.91 0.09 0.00
4.700000 0.91 0.09 0.00
4.800000 0.90 0.09 0.00
4.900000 0.90 0.09 0.00
5.000000 0.90 0.09 0.00
5.100000 0.90 0.10 0.00
5.200000 0.90 0.10 0.01
5.300000 0.89 0.10 0.01
5.400000 0.89 0.10 0.01
5.500000 0.89 0.10 0.01
5.600000 0.89 0.11 0.01
5.700000 0.89 0.11 0.01
5.800000 0.88 0.11 0.01
5.900000 0.88 0.11 0.01
6.000000 0.88 0.11 0.01
6.100000 0.88 0.11 0.01
6.200000 0.88 0.12 0.01
6.300000 0.87 0.12 0.01
6.400000 0.87 0.12 0.01
6.500000 0.87 0.12 0.01
6.600000 0.87 0.12 0.01
6.700000 0.87 0.12 0.01
6.800000 0.86 0.13 0.01
6.900000 0.86 0.13 0.01
7.000000 0.86 0.13 0.01
7.100000 0.86 0.13 0.01
7.200000 0.86 0.13 0.01
7.300000 0.86 0.14 0.01
7.400000 0.85 0.14 0.01
7.500000 0.85 0.14 0.01
7.600000 0.85 0.14 0.01
7.700000 0.85 0.14 0.01
7.800000 0.85 0.14 0.01
7.900000 0.84 0.15 0.01
8.000000 0.84 0.15 0.01
8.100000 0.84 0.15 0.01
8.200000 0.84 0.15 0.01
8.300000 0.84 0.15 0.01
8.400000 0.83 0.15 0.01
8.500000 0.83 0.16 0.01
8.600000 0.83 0.16 0.01
8.700000 0.83 0.16 0.01
8.800000 0.83 0.16 0.01
8.900000 0.82 0.16 0.01
9.000000 0.82 0.16 0.01
9.100000 0.82 0.16 0.02
9.200000 0.82 0.17 0.02
9.300000 0.82 0.17 0.02
9.400000 0.81 0.17 0.02
9.500000 0.81 0.17 0.02
9.600000 0.81 0.17 0.02
9.700000 0.81 0.17 0.02
9.800000 0.81 0.18 0.02
9.900000 0.80 0.18 0.02
10.000000 0.80 0.18 0.02
10.100000 0.80 0.18 0.02
10.200000 0.80 0.18 0.02
10.300000 0.80 0.18 0.02
10.400000 0.79 0.19 0.02
10.500000 0.79 0.19 0.02
10.600000 0.79 0.19 0.02
10.700000 0.79 0.19 0.02
10.800000 0.79 0.19 0.02
10.900000 0.78 0.19 0.02
11.000000 0.78 0.20 0.02
11.100000 0.78 0.20 0.02
11.200000 0.78 0.20 0.02
11.300000 0.78 0.20 0.02
11.400000 0.78 0.20 0.02
11.500000 0.77 0.20 0.02
11.600000 0.77 0.20 0.02
11.700000 0.77 0.21 0.02
11.800000 0.77 0.21 0.03
11.900000 0.77 0.21 0.03
12.000000 0.76 0.21 0.03
12.100000 0.76 0.21 0.03
12.200000 0.76 0.21 0.03
12.300000 0.76 0.21 0.03
12.400000 0.76 0.22 0.03
12.500000 0.75 0.22 0.03
12.600000 0.75 0.22 0.03
12.700000 0.75 0.22 0.03
12.800000 0.75 0.22 0.03
12.900000 0.75 0.22 0.03
13.000000 0.74 0.23 0.03
13.100000 0.74 0.23 0.03
13.200000 0.74 0.23 0.03
13.300000 0.74 0.23 0.03
13.400000 0.74 0.23 0.03
13.500000 0.73 0.23 0.03
13.600000 0.73 0.23 0.03
13.700000 0.73 0.24 0.03
13.800000 0.73 0.24 0.03
13.900000 0.73 0.24 0.03
14.000000 0.73 0.24 0.04
14.100000 0.72 0.24 0.04
14.200000 0.72 0.24 0.04
14.300000 0.72 0.24 0.04
14.400000 0.72 0.25 0.04
14.500000 0.72 0.25 0.04
14.600000 0.71 0.25 0.04
14.700000 0.71 0.25 0.04
14.800000 0.71 0.25 0.04
14.900000 0.71 0.25 0.04
15.000000 0.71 0.25 0.04
15.100000 0.70 0.26 0.04
15.200000 0.70 0.26 0.04
15.300000 0.70 0.26 0.04
15.400000 0.70 0.26 0.04
15.500000 0.70 0.26 0.04
15.600000 0.69 0.26 0.04
15.700000 0.69 0.26 0.04
15.800000 0.69 0.26 0.04
15.900000 0.69 0.27 0.04
16.000000 0.69 0.27 0.05
16.100000 0.69 0.27 0.05
16.200000 0.68 0.27 0.05
16.300000 0.68 0.27 0.05
16.400000 0.68 0.27 0.05
16.500000 0.68 0.27 0.05
16.600000 0.68 0.28 0.05
16.700000 0.67 0.28 0.05
16.800000 0.67 0.28 0.05
16.900000 0.67 0.28 0.05
17.000000 0.67 0.28 0.05
17.100000 0.67 0.28 0.05
17.200000 0.66 0.28 0.05
17.300000 0.66 0.28 0.05
17.400000 0.66 0.29 0.05
17.500000 0.66 0.29 0.05
17.600000 0.66 0.29 0.05
17.700000 0.66 0.29 0.05
17.800000 0.65 0.29 0.06
17.900000 0.65 0.29 0.06
18.000000 0.65 0.29 0.06
18.100000 0.65 0.30 0.06
18.200000 0.65 0.30 0.06
18.300000 0.64 0.30 0.06
18.400000 0.64 0.30 0.06
18.500000 0.64 0.30 0.06
18.600000 0.64 0.30 0.06
18.700000 0.64 0.30 0.06
18.800000 0.64 0.30 0.06
18.900000 0.63 0.31 0.06
19.000000 0.63 0.31 0.06
19.100000 0.63 0.31 0.06
19.200000 0.63 0.31 0.06
19.300000 0.63 0.31 0.06
19.400000 0.62 0.31 0.06
19.500000 0.62 0.31 0.07
19.600000 0.62 0.31 0.07
19.700000 0.62 0.31 0.07
19.800000 0.62 0.32 0.07
19.900000 0.62 0.32 0.07
